======== 此檔純讀取數字, 所以可以任意加註解或說明, 但不能使用數字 =========
Reel Length : 26 32 22 32 25

1 10 11 7 9   2 10 11 7 8     9 3 10 11 7   6 4 5 10 6     9 8 5 10 6    9                                     1 10                      

1 7 4 8 10    3 7 9 6 5      7 2 8 9 0      10 4 7 9 8     2 6 9 8 5     10 7 9 8 4    9 10                    1 7

1 12 4 6 11   2 8 10 3 9     6 5 10 4 7     3 9  2 12 4    5 8                                                 1 12

1 10 7 4 8    10 2 9 8 3     6 9 5 10 7     0 9 8 10 4      7 6 10 8 2   7 9 5 6 8    10 9                     1 10

1 10 8 3 9    10 4 6 9 7     2 8 6 3 9      7 4 10 9 11     7 8 5 6 9                                          1 10
