======== 此檔純讀取數字, 所以可以任意加註解或說明, 但不能使用數字 =========
Reel Length : 47 32 31 49 48

0 1 2 3 4   5 5 5 5 5 5 	5 5 5 5 5 	5 5 5 5 5 	5 5 6 7 8 	8 8 8 8 8 	8 8 8 8 8 	8 8 8 8 8 	8 8 8 8 9 	10 0 1

0 1 2 3 4 	5 6  7 7 	7 7 7 7 7 	7 7 7 7 7 	7 7 7 7 7 	7 7 7 7 7 	8 9 10 0 1

0 1 2 3 4 	5 6 6 6 6 	6 6 6 6 6 6 	6 6 6 6 6 	6 6 6 6 6 	6 7 8 9 10 	0 1

0 1 1 1 1 	1 1 1 1 1 	1 2 2 2 2 	2 2 2 2 2 	2 2 3 3 3 	3 3 3 3 3 	3 3 3 4 4 	4 4 4 4 4 	4 4 4 4 5 	6 7 8 10 0 1                                               

0 1 1 1 1 	1 1 1 1 1 	1 2 2 2 2 	2 2 2 2 2 	2 3 3 3 3 	3 3 3 3 3 	3 4 4 4 4 	4 4 4 4 4 	4 4 5 6 	7 8 9 10 0 1